Mean: 100200.367
Median: 101236.0
Variance: 127362013.632
Standard Deviation: 11285.478
Standard Error: 2060.437
t-test: -6.107684139397263
p-value: 1.1858676799856466e-06
Z----
Z-test: (-4.673765269641137, 2.957273084987825e-06, 1.4786365424939124e-06, 0.9999985213634575)
